num of GPUs = 1
Rank 0: hostname = wa36, GPU num = 0
Calculation condition
  nx_global     =   512
  ny_global     =   512
  nx            =   512
  ny            =   512
  nsubdomains   =     1
  mgn           =     8
  lx            = 5.120000e-06 [m]
  ly            = 5.120000e-06 [m]
  dx            = 1.000000e-08 [m]
  dy            = 1.000000e-08 [m]
  dt            = 4.717309e-18 [sec]
  wl            = 5.000000e-07
  nt            =  5000
  nout          =    50
  output        =     1
  sizeof(FLOAT) =     8
icnt =     0, time = 0.0000e+00 [sec]
icnt =   100, time = 4.7173e-16 [sec]
icnt =   200, time = 9.4346e-16 [sec]
icnt =   300, time = 1.4152e-15 [sec]
icnt =   400, time = 1.8869e-15 [sec]
icnt =   500, time = 2.3587e-15 [sec]
icnt =   600, time = 2.8304e-15 [sec]
icnt =   700, time = 3.3021e-15 [sec]
icnt =   800, time = 3.7738e-15 [sec]
icnt =   900, time = 4.2456e-15 [sec]
icnt =  1000, time = 4.7173e-15 [sec]
icnt =  1100, time = 5.1890e-15 [sec]
icnt =  1200, time = 5.6608e-15 [sec]
icnt =  1300, time = 6.1325e-15 [sec]
icnt =  1400, time = 6.6042e-15 [sec]
icnt =  1500, time = 7.0760e-15 [sec]
icnt =  1600, time = 7.5477e-15 [sec]
icnt =  1700, time = 8.0194e-15 [sec]
icnt =  1800, time = 8.4912e-15 [sec]
icnt =  1900, time = 8.9629e-15 [sec]
icnt =  2000, time = 9.4346e-15 [sec]
icnt =  2100, time = 9.9063e-15 [sec]
icnt =  2200, time = 1.0378e-14 [sec]
icnt =  2300, time = 1.0850e-14 [sec]
icnt =  2400, time = 1.1322e-14 [sec]
icnt =  2500, time = 1.1793e-14 [sec]
icnt =  2600, time = 1.2265e-14 [sec]
icnt =  2700, time = 1.2737e-14 [sec]
icnt =  2800, time = 1.3208e-14 [sec]
icnt =  2900, time = 1.3680e-14 [sec]
icnt =  3000, time = 1.4152e-14 [sec]
icnt =  3100, time = 1.4624e-14 [sec]
icnt =  3200, time = 1.5095e-14 [sec]
icnt =  3300, time = 1.5567e-14 [sec]
icnt =  3400, time = 1.6039e-14 [sec]
icnt =  3500, time = 1.6511e-14 [sec]
icnt =  3600, time = 1.6982e-14 [sec]
icnt =  3700, time = 1.7454e-14 [sec]
icnt =  3800, time = 1.7926e-14 [sec]
icnt =  3900, time = 1.8398e-14 [sec]
icnt =  4000, time = 1.8869e-14 [sec]
icnt =  4100, time = 1.9341e-14 [sec]
icnt =  4200, time = 1.9813e-14 [sec]
icnt =  4300, time = 2.0284e-14 [sec]
icnt =  4400, time = 2.0756e-14 [sec]
icnt =  4500, time = 2.1228e-14 [sec]
icnt =  4600, time = 2.1700e-14 [sec]
icnt =  4700, time = 2.2171e-14 [sec]
icnt =  4800, time = 2.2643e-14 [sec]
icnt =  4900, time = 2.3115e-14 [sec]
icnt =  5000, time = 2.3587e-14 [sec]
------------------------------
Domain      = 512 x 512
nsubdomains = 1
GPU is used = 1
output_file = 1
Time        =   4.483702 [sec]
------------------------------
